----------------------------------------------------------------------
                        Algorithm #1                                            
----------------------------------------------------------------------

Original Array: [1, 2, 4, -1, 4, -10, 4, -19, 18, -1, -3, -4, 11, 3, -20, 19, -33, 50, 66, -22, -4, -55, 91, 100, -102, 9, 10, 19, -10, 10, 11, 11, -10, -18, 50, 90]
Maximum Sum: 296
Max SubArray: [50, 66, -22, -4, -55, 91, 100, -102, 9, 10, 19, -10, 10, 11, 11, -10, -18, 50, 90]
Runtime: 0.00173997879028

Original Array: [12, 12, 14, -88, -1, 45, 6, 8, -33, 2, 8, -9, -33, -8, -23, -77, -89, 1, 9, 10, 92, 87]
Maximum Sum: 199
Max SubArray: [1, 9, 10, 92, 87]
Runtime: 0.000504016876221

Original Array: [565, 78, 33, 9, 10, 84, 71, -4, -22, -55, -10, 76, -9, -9, -11, 76, 89, 11, 10, -33, 9]
Maximum Sum: 992
Max SubArray: [565, 78, 33, 9, 10, 84, 71, -4, -22, -55, -10, 76, -9, -9, -11, 76, 89, 11, 10]
Runtime: 0.000446081161499

Original Array: [2, 3, 3, 3, 3, 3, 3, 3, 3, 3, 3, 3, 3, 3, 3, 3, 3, 3, 3, 3, 3, 3, 3, 3, 3, 3, 3, 3, 3, 3, 3]
Maximum Sum: 92
Max SubArray: [2, 3, 3, 3, 3, 3, 3, 3, 3, 3, 3, 3, 3, 3, 3, 3, 3, 3, 3, 3, 3, 3, 3, 3, 3, 3, 3, 3, 3, 3, 3]
Runtime: 0.0011579990387

Original Array: [2]
Maximum Sum: 2
Max SubArray: [2]
Runtime: 9.53674316406e-07

Original Array: [-1, -1, -1, -1, -1, -100, -10, -10, 100, 100, 100, 100, -100, 100, 10, -10, -1]
Maximum Sum: 410
Max SubArray: [100, 100, 100, 100, -100, 100, 10]
Runtime: 0.00026798248291

Original Array: [12, 23, 44, -17, 12, 14, -88, -1, 45, 6, 8, -33, 2, 8, -9, -33, -8, -23, -77, -89, 1, 9, 13, -25, 10, 92, 57, 99, -22]
Maximum Sum: 258
Max SubArray: [10, 92, 57, 99]
Runtime: 0.000999927520752
----------------------------------------------------------------------
                        Algorithm #2                                            
----------------------------------------------------------------------

Original Array: [1, 2, 4, -1, 4, -10, 4, -19, 18, -1, -3, -4, 11, 3, -20, 19, -33, 50, 66, -22, -4, -55, 91, 100, -102, 9, 10, 19, -10, 10, 11, 11, -10, -18, 50, 90]
Maximum Sum: 296
Max SubArray: [50, 66, -22, -4, -55, 91, 100, -102, 9, 10, 19, -10, 10, 11, 11, -10, -18, 50, 90]
Runtime: 6.103515625e-05

Original Array: [12, 12, 14, -88, -1, 45, 6, 8, -33, 2, 8, -9, -33, -8, -23, -77, -89, 1, 9, 10, 92, 87]
Maximum Sum: 199
Max SubArray: [1, 9, 10, 92, 87]
Runtime: 2.69412994385e-05

Original Array: [565, 78, 33, 9, 10, 84, 71, -4, -22, -55, -10, 76, -9, -9, -11, 76, 89, 11, 10, -33, 9]
Maximum Sum: 992
Max SubArray: [565, 78, 33, 9, 10, 84, 71, -4, -22, -55, -10, 76, -9, -9, -11, 76, 89, 11, 10]
Runtime: 2.40802764893e-05

Original Array: [2, 3, 3, 3, 3, 3, 3, 3, 3, 3, 3, 3, 3, 3, 3, 3, 3, 3, 3, 3, 3, 3, 3, 3, 3, 3, 3, 3, 3, 3, 3]
Maximum Sum: 92
Max SubArray: [2, 3, 3, 3, 3, 3, 3, 3, 3, 3, 3, 3, 3, 3, 3, 3, 3, 3, 3, 3, 3, 3, 3, 3, 3, 3, 3, 3, 3, 3, 3]
Runtime: 4.50611114502e-05

Original Array: [2]
Maximum Sum: 2
Max SubArray: [2]
Runtime: 9.53674316406e-07

Original Array: [-1, -1, -1, -1, -1, -100, -10, -10, 100, 100, 100, 100, -100, 100, 10, -10, -1]
Maximum Sum: 410
Max SubArray: [100, 100, 100, 100, -100, 100, 10]
Runtime: 1.78813934326e-05

Original Array: [12, 23, 44, -17, 12, 14, -88, -1, 45, 6, 8, -33, 2, 8, -9, -33, -8, -23, -77, -89, 1, 9, 13, -25, 10, 92, 57, 99, -22]
Maximum Sum: 258
Max SubArray: [10, 92, 57, 99]
Runtime: 4.00543212891e-05
----------------------------------------------------------------------
                        Algorithm #3                                            
----------------------------------------------------------------------

Original Array: [1, 2, 4, -1, 4, -10, 4, -19, 18, -1, -3, -4, 11, 3, -20, 19, -33, 50, 66, -22, -4, -55, 91, 100, -102, 9, 10, 19, -10, 10, 11, 11, -10, -18, 50, 90]
Maximum Sum: 296
Max SubArray: [50, 66, -22, -4, -55, 91, 100, -102, 9, 10, 19, -10, 10, 11, 11, -10, -18, 50, 90]
Runtime: 8.20159912109e-05

Original Array: [12, 12, 14, -88, -1, 45, 6, 8, -33, 2, 8, -9, -33, -8, -23, -77, -89, 1, 9, 10, 92, 87]
Maximum Sum: 199
Max SubArray: [1, 9, 10, 92, 87]
Runtime: 4.50611114502e-05

Original Array: [565, 78, 33, 9, 10, 84, 71, -4, -22, -55, -10, 76, -9, -9, -11, 76, 89, 11, 10, -33, 9]
Maximum Sum: 992
Max SubArray: [565, 78, 33, 9, 10, 84, 71, -4, -22, -55, -10, 76, -9, -9, -11, 76, 89, 11, 10]
Runtime: 4.29153442383e-05

Original Array: [2, 3, 3, 3, 3, 3, 3, 3, 3, 3, 3, 3, 3, 3, 3, 3, 3, 3, 3, 3, 3, 3, 3, 3, 3, 3, 3, 3, 3, 3, 3]
Maximum Sum: 92
Max SubArray: [2, 3, 3, 3, 3, 3, 3, 3, 3, 3, 3, 3, 3, 3, 3, 3, 3, 3, 3, 3, 3, 3, 3, 3, 3, 3, 3, 3, 3, 3, 3]
Runtime: 6.29425048828e-05

Original Array: [2]
Maximum Sum: 2
Max SubArray: [2]
Runtime: 0.0

Original Array: [-1, -1, -1, -1, -1, -100, -10, -10, 100, 100, 100, 100, -100, 100, 10, -10, -1]
Maximum Sum: 410
Max SubArray: [100, 100, 100, 100, -100, 100, 10]
Runtime: 3.40938568115e-05

Original Array: [12, 23, 44, -17, 12, 14, -88, -1, 45, 6, 8, -33, 2, 8, -9, -33, -8, -23, -77, -89, 1, 9, 13, -25, 10, 92, 57, 99, -22]
Maximum Sum: 258
Max SubArray: [10, 92, 57, 99]
Runtime: 6.00814819336e-05
----------------------------------------------------------------------
                        Algorithm #4                                            
----------------------------------------------------------------------

Original Array: [1, 2, 4, -1, 4, -10, 4, -19, 18, -1, -3, -4, 11, 3, -20, 19, -33, 50, 66, -22, -4, -55, 91, 100, -102, 9, 10, 19, -10, 10, 11, 11, -10, -18, 50, 90]
Maximum Sum: 296
Max SubArray: [50, 66, -22, -4, -55, 91, 100, -102, 9, 10, 19, -10, 10, 11, 11, -10, -18, 50, 90]
Runtime: 8.10623168945e-06

Original Array: [12, 12, 14, -88, -1, 45, 6, 8, -33, 2, 8, -9, -33, -8, -23, -77, -89, 1, 9, 10, 92, 87]
Maximum Sum: 199
Max SubArray: [1, 9, 10, 92, 87]
Runtime: 5.00679016113e-06

Original Array: [565, 78, 33, 9, 10, 84, 71, -4, -22, -55, -10, 76, -9, -9, -11, 76, 89, 11, 10, -33, 9]
Maximum Sum: 992
Max SubArray: [565, 78, 33, 9, 10, 84, 71, -4, -22, -55, -10, 76, -9, -9, -11, 76, 89, 11, 10]
Runtime: 5.00679016113e-06

Original Array: [2, 3, 3, 3, 3, 3, 3, 3, 3, 3, 3, 3, 3, 3, 3, 3, 3, 3, 3, 3, 3, 3, 3, 3, 3, 3, 3, 3, 3, 3, 3]
Maximum Sum: 92
Max SubArray: [2, 3, 3, 3, 3, 3, 3, 3, 3, 3, 3, 3, 3, 3, 3, 3, 3, 3, 3, 3, 3, 3, 3, 3, 3, 3, 3, 3, 3, 3, 3]
Runtime: 5.96046447754e-06

Original Array: [2]
Maximum Sum: 2
Max SubArray: [2]
Runtime: 9.53674316406e-07

Original Array: [-1, -1, -1, -1, -1, -100, -10, -10, 100, 100, 100, 100, -100, 100, 10, -10, -1]
Maximum Sum: 410
Max SubArray: [100, 100, 100, 100, -100, 100, 10]
Runtime: 3.09944152832e-06

Original Array: [12, 23, 44, -17, 12, 14, -88, -1, 45, 6, 8, -33, 2, 8, -9, -33, -8, -23, -77, -89, 1, 9, 13, -25, 10, 92, 57, 99, -22]
Maximum Sum: 258
Max SubArray: [10, 92, 57, 99]
Runtime: 4.05311584473e-06
